[{"id": 0, "img_name": "0001.jpg", "width": 472, "height": 851, "position": [0.8772050592978972, 1.6828681951970805, -2.622731416218743], "rotation": [[0.992093227491991, 0.0609007487426472, -0.10973662454763933], [-0.05841317018574723, 0.9979604545561976, 0.025745537299460084], [0.11108073421334383, -0.019131909067626088, 0.9936272140707765]], "fy": 760.8010380287942, "fx": 758.6410822549919}, {"id": 1, "img_name": "0002.jpg", "width": 472, "height": 851, "position": [0.6731345645700877, 1.6269220774333766, -2.591387436161621], "rotation": [[0.9963301183882358, 0.047373606208333134, -0.07128840457817606], [-0.04602818566790575, 0.9987318254877375, 0.020399678479138587], [0.07216440477551749, -0.01704353815230902, 0.9972471190686119]], "fy": 760.8010380287942, "fx": 758.6410822549919}, {"id": 2, "img_name": "0003.jpg", "width": 472, "height": 851, "position": [0.4433531747766901, 1.655292607861575, -2.683099811426889], "rotation": [[0.9995190308613485, 0.02226338252362561, -0.021588162140342888], [-0.021794024308420135, 0.9995261207570527, 0.021738317064615775], [0.022061900426640597, -0.02125736867452072, 0.9995305882395996]], "fy": 760.8010380287942, "fx": 758.6410822549919}, {"id": 3, "img_name": "0004.jpg", "width": 472, "height": 851, "position": [0.29340871979976824, 1.671952193348587, -2.7315899525752063], "rotation": [[0.9998604509453995, 0.004604087135926275, 0.016058674195178223], [-0.004987743153785552, 0.9997011166077792, 0.02393323779582276], [-0.015943683811903392, -0.024009994477390703, 0.9995845732661653]], "fy": 760.8010380287942, "fx": 758.6410822549919}, {"id": 4, "img_name": "0005.jpg", "width": 472, "height": 851, "position": [0.0636299082071896, 1.670546808801787, -2.719428405891593], "rotation": [[0.9976573323858686, -0.01827996271669246, 0.0659218484251524], [0.016537710660697796, 0.9995018975740855, 0.026878632255106533], [-0.0663803529880301, -0.025725468098336802, 0.9974627055826728]], "fy": 760.8010380287942, "fx": 758.6410822549919}, {"id": 5, "img_name": "0006.jpg", "width": 472, "height": 851, "position": [-0.07743430372543374, 1.5852723094446663, -2.5784390375631587], "rotation": [[0.9959847815459935, -0.04099912019338278, 0.07958258020539788], [0.03851764164293106, 0.9987302270572574, 0.032470368714033956], [-0.08081278494796956, -0.02927465978499363, 0.9962992964382873]], "fy": 760.8010380287942, "fx": 758.6410822549919}, {"id": 6, "img_name": "0007.jpg", "width": 472, "height": 851, "position": [-0.08171956215625806, 1.5131076831637287, -2.4810730688402374], "rotation": [[0.9918879095060953, -0.06299446132996232, 0.1104086627823015], [0.059265096758258494, 0.9975658231293508, 0.036743391657477344], [-0.11245453873393618, -0.029901945856555864, 0.9932068517444537]], "fy": 760.8010380287942, "fx": 758.6410822549919}, {"id": 7, "img_name": "0008.jpg", "width": 472, "height": 851, "position": [-0.3202749397442535, 1.5213495568518207, -2.5363998465985196], "rotation": [[0.9800280820846912, -0.10872388329065852, 0.16650548197462234], [0.10093651754343279, 0.9933954886961959, 0.05456393006602848], [-0.17133819700115416, -0.0366677002312039, 0.9845296856916749]], "fy": 760.8010380287942, "fx": 758.6410822549919}, {"id": 8, "img_name": "0009.jpg", "width": 472, "height": 851, "position": [-0.7018750190195854, 1.5142946363011376, -2.5462452526206167], "rotation": [[0.9578874863080793, -0.15949317498800858, 0.23877497923072596], [0.14452897435240228, 0.9863390229912254, 0.07903611388066642], [-0.24811880047072565, -0.04119780160347767, 0.9678531923778568]], "fy": 760.8010380287942, "fx": 758.6410822549919}, {"id": 9, "img_name": "0010.jpg", "width": 472, "height": 851, "position": [-1.047595014958015, 1.5017417546629834, -2.5021615380140285], "rotation": [[0.9375127843580716, -0.1936410916168866, 0.2890897902081577], [0.17182008168248933, 0.980111026326377, 0.09929871904550859], [-0.3025684033335252, -0.043422387208405244, 0.9521380454499885]], "fy": 760.8010380287942, "fx": 758.6410822549919}, {"id": 10, "img_name": "0011.jpg", "width": 472, "height": 851, "position": [-1.1795775538747357, 1.4539121577380223, -2.392175147601384], "rotation": [[0.9198995294793053, -0.21901342358485457, 0.32529675060380414], [0.19137975256254144, 0.9747472477226764, 0.11507212245443234], [-0.34228445184210887, -0.04359957966206253, 0.9385842693548824]], "fy": 760.8010380287942, "fx": 758.6410822549919}, {"id": 11, "img_name": "0012.jpg", "width": 472, "height": 851, "position": [-1.1513240469031876, 1.344459761729226, -2.2178177559425123], "rotation": [[0.8946755915472453, -0.25269409900853, 0.36837654406307446], [0.21937479642083882, 0.9668799727455764, 0.1304523552827966], [-0.389140443265542, -0.03590000877131829, 0.9204786280980762]], "fy": 760.8010380287942, "fx": 758.6410822549919}, {"id": 12, "img_name": "0013.jpg", "width": 472, "height": 851, "position": [-1.3908000999823231, 1.2692570209251137, -2.1389578486377707], "rotation": [[0.8541058475309796, -0.2965468341005745, 0.42727412324913056], [0.2568361184487126, 0.954852765869318, 0.14930306015588637], [-0.4522592281795759, -0.0177811894045287, 0.8917092686687599]], "fy": 760.8010380287942, "fx": 758.6410822549919}, {"id": 13, "img_name": "0014.jpg", "width": 472, "height": 851, "position": [-1.9027659594939401, 1.1446821946844457, -2.0632048032866557], "rotation": [[0.802677331711355, -0.3401807496136947, 0.4898838216853096], [0.2945008406818125, 0.9403304198669732, 0.17043461007233118], [-0.5186312331459081, 0.007467199278618759, 0.8549654290908423]], "fy": 760.8010380287942, "fx": 758.6410822549919}, {"id": 14, "img_name": "0015.jpg", "width": 472, "height": 851, "position": [-2.261279545314564, 1.0805040115432198, -1.941650232001579], "rotation": [[0.757514714674806, -0.36590423620087315, 0.5406343930803911], [0.3148971933465372, 0.9302446820894629, 0.18837353600425866], [-0.5718489439297939, 0.027548527629073373, 0.8198962519440185]], "fy": 760.8010380287942, "fx": 758.6410822549919}, {"id": 15, "img_name": "0016.jpg", "width": 472, "height": 851, "position": [-2.4339284350130286, 0.9841518672972833, -1.7536913422382374], "rotation": [[0.7137562625653866, -0.3897195981791582, 0.581954149777941], [0.33736145236606385, 0.9194544836564034, 0.20196708380722975], [-0.6137908830425479, 0.05217362628006556, 0.7877427655108213]], "fy": 760.8010380287942, "fx": 758.6410822549919}, {"id": 16, "img_name": "0017.jpg", "width": 472, "height": 851, "position": [-2.5193772707036053, 0.8960673357128154, -1.612815858507897], "rotation": [[0.6569956590658003, -0.42018090998839874, 0.6259430539993364], [0.3671168712168088, 0.9034986608004335, 0.22116820024543432], [-0.6584693666653566, 0.08448770805948429, 0.7478501991376212]], "fy": 760.8010380287942, "fx": 758.6410822549919}, {"id": 17, "img_name": "0018.jpg", "width": 472, "height": 851, "position": [-2.8974020341035756, 0.7944252951091956, -1.5088805699750323], "rotation": [[0.5950125679164906, -0.44716607991473, 0.667834216699861], [0.38714014581770495, 0.8876442042973897, 0.24941987505710095], [-0.7043312796672242, 0.11013747568810107, 0.7012753987781001]], "fy": 760.8010380287942, "fx": 758.6410822549919}, {"id": 18, "img_name": "0019.jpg", "width": 472, "height": 851, "position": [-3.18744746899005, 0.6910339018942356, -1.3657840999106197], "rotation": [[0.5456306186234988, -0.46433188683308224, 0.6976267819476025], [0.3998553216481985, 0.8758425988359541, 0.27021373727828407], [-0.7364801081971961, 0.1315128926543385, 0.6635521149808317]], "fy": 760.8010380287942, "fx": 758.6410822549919}, {"id": 19, "img_name": "0020.jpg", "width": 472, "height": 851, "position": [-3.2184101173826836, 0.5491822217268496, -1.0847717608751302], "rotation": [[0.49532779594236115, -0.4767984502765304, 0.7261636264512161], [0.40664253305569936, 0.8659368819276518, 0.291196096861652], [-0.7676537141686521, 0.15105149562753503, 0.6228091367279046]], "fy": 760.8010380287942, "fx": 758.6410822549919}, {"id": 20, "img_name": "0021.jpg", "width": 472, "height": 851, "position": [-3.1074730550031058, 0.3708949075396068, -0.8151544630983568], "rotation": [[0.3934145568648745, -0.5039591245603737, 0.7689279467018713], [0.4278146396217291, 0.8406527540492672, 0.3320806848263121], [-0.8137564872688537, 0.19831325694900967, 0.5463261219694071]], "fy": 760.8010380287942, "fx": 758.6410822549919}, {"id": 21, "img_name": "0022.jpg", "width": 472, "height": 851, "position": [-3.325044738136807, 0.11583348308728368, -0.3654089642954158], "rotation": [[0.2626829586400461, -0.5304808699187619, 0.8059700427995727], [0.44173985127836696, 0.8087419499256654, 0.3883327982838932], [-0.8578249046470254, 0.2540206784509211, 0.44677726876672647]], "fy": 760.8010380287942, "fx": 758.6410822549919}, {"id": 22, "img_name": "0023.jpg", "width": 472, "height": 851, "position": [-3.6149073715587554, -0.11950471840179827, -0.004729649292238611], "rotation": [[0.1713290427234158, -0.553998466675599, 0.8146975254906343], [0.45437083886379076, 0.7781625801070451, 0.433601360366134], [-0.8741816172339092, 0.2958862920823337, 0.38504259796556906]], "fy": 760.8010380287942, "fx": 758.6410822549919}, {"id": 23, "img_name": "0024.jpg", "width": 472, "height": 851, "position": [-3.669107296253571, -0.21240053545953175, 0.22077814475106428], "rotation": [[0.1126102222252632, -0.5671306466355469, 0.8158932329031309], [0.4623127698416524, 0.7567301331991503, 0.4621973694751364], [-0.8795372878347545, 0.32514971190998004, 0.3474072885722765]], "fy": 760.8010380287942, "fx": 758.6410822549919}, {"id": 24, "img_name": "0025.jpg", "width": 472, "height": 851, "position": [-3.456357383206738, -0.349578305793979, 0.49260221931090525], "rotation": [[0.043736774899497566, -0.5760912646991736, 0.8162144015261533], [0.46544522524039156, 0.7346626344629826, 0.4935904737987061], [-0.8839953828059914, 0.3583150405177217, 0.30027070272750844]], "fy": 760.8010380287942, "fx": 758.6410822549919}, {"id": 25, "img_name": "0026.jpg", "width": 472, "height": 851, "position": [-3.3650600328929317, -0.5064727333803998, 0.7143586590021253], "rotation": [[-0.06003018817097553, -0.5825609298338268, 0.8105671715159108], [0.4568368411649989, 0.705964613306963, 0.541215359457523], [-0.8875226628444722, 0.40278620605663396, 0.22375610639256308]], "fy": 760.8010380287942, "fx": 758.6410822549919}, {"id": 26, "img_name": "0027.jpg", "width": 472, "height": 851, "position": [-3.523980967128304, -0.7861661965143965, 1.163745697357146], "rotation": [[-0.16953286087973984, -0.5833484776791671, 0.7943318970501746], [0.43617490871429127, 0.6783494460705916, 0.5912643047096627], [-0.8837477344186014, 0.44670637179820893, 0.1394394467317972]], "fy": 760.8010380287942, "fx": 758.6410822549919}, {"id": 27, "img_name": "0028.jpg", "width": 472, "height": 851, "position": [-3.5719845292697334, -0.9893860717456344, 1.5884018308206647], "rotation": [[-0.2670292764741415, -0.5788586019385529, 0.7704661475155411], [0.41870108634255987, 0.6504045137394402, 0.6337691762802309], [-0.8679773993608682, 0.491829937548647, 0.06869167875104928]], "fy": 760.8010380287942, "fx": 758.6410822549919}, {"id": 28, "img_name": "0029.jpg", "width": 472, "height": 851, "position": [-3.414828297488795, -1.133206424821677, 1.8224048584682697], "rotation": [[-0.34804762815215584, -0.5677220683988412, 0.7460258049093206], [0.4062964119409387, 0.6258137591702055, 0.6657930342660359], [-0.8448586119473348, 0.5348352941665286, 0.012850444825962912]], "fy": 760.8010380287942, "fx": 758.6410822549919}, {"id": 29, "img_name": "0030.jpg", "width": 472, "height": 851, "position": [-3.2185205765463665, -1.2054744603370307, 1.9626222001055744], "rotation": [[-0.4475200663954333, -0.542166870836346, 0.711182729220101], [0.3926692117325039, 0.5953644809492171, 0.7009650668766904], [-0.8034529733162983, 0.5929554949501638, -0.053545314245090125]], "fy": 760.8010380287942, "fx": 758.6410822549919}, {"id": 30, "img_name": "0031.jpg", "width": 472, "height": 851, "position": [-3.1882633412944177, -1.4796614642134043, 2.341645403530999], "rotation": [[-0.5418558422369624, -0.5154407130553762, 0.6638622730345783], [0.3607966301136773, 0.5707351086140449, 0.7376226864013393], [-0.7590902699496852, 0.6392044329635705, -0.12328688067849672]], "fy": 760.8010380287942, "fx": 758.6410822549919}, {"id": 31, "img_name": "0032.jpg", "width": 472, "height": 851, "position": [-3.191102182225991, -1.6766838605327299, 2.7250638988783473], "rotation": [[-0.611275220729753, -0.49213739946952256, 0.6197930175188874], [0.3310478560365326, 0.5523344597985886, 0.7650712133733805], [-0.7188531988767993, 0.6728502244648337, -0.174707337860251]], "fy": 760.8010380287942, "fx": 758.6410822549919}, {"id": 32, "img_name": "0033.jpg", "width": 472, "height": 851, "position": [-2.9451685088988437, -1.7773313724281536, 2.946726284113786], "rotation": [[-0.6635523503000056, -0.4699730732671388, 0.5820855511135614], [0.3039080875528732, 0.5416344090245989, 0.7837550901145895], [-0.6836213518690688, 0.6969630387362118, -0.2165741672136644]], "fy": 760.8010380287942, "fx": 758.6410822549919}, {"id": 33, "img_name": "0034.jpg", "width": 472, "height": 851, "position": [-2.556154839831674, -1.8498076971033999, 3.0468893223168694], "rotation": [[-0.7388724330991362, -0.42518461894082954, 0.5227672210671814], [0.27074115469357174, 0.523105083674781, 0.8081214627695464], [-0.6170630071243562, 0.7386332725038466, -0.2713929512513262]], "fy": 760.8010380287942, "fx": 758.6410822549919}, {"id": 34, "img_name": "0035.jpg", "width": 472, "height": 851, "position": [-2.214772262049054, -2.0835609480137234, 3.4267460313038565], "rotation": [[-0.8145970708509288, -0.37618272088249566, 0.4414953823886823], [0.21717047248798563, 0.5079885085089563, 0.8335374383326708], [-0.5378369623226277, 0.7748769165049945, -0.33211017182146013]], "fy": 760.8010380287942, "fx": 758.6410822549919}, {"id": 35, "img_name": "0036.jpg", "width": 472, "height": 851, "position": [-1.9160578035218179, -2.265017517881879, 3.8114935623243085], "rotation": [[-0.863086390941464, -0.3378572670354977, 0.3754122385897175], [0.17569744167700743, 0.4960301328090022, 0.8503437636236525], [-0.4735106025843489, 0.7998790998999713, -0.36875619965421436]], "fy": 760.8010380287942, "fx": 758.6410822549919}, {"id": 36, "img_name": "0037.jpg", "width": 472, "height": 851, "position": [-1.7134853138161927, -2.3112170618841685, 3.9690473884195034], "rotation": [[-0.8848638201129019, -0.30882191009216203, 0.3487765010751583], [0.16550520215293618, 0.49144221974046504, 0.855039515295568], [-0.4354584341995422, 0.8143178571685585, -0.3837478072652527]], "fy": 760.8010380287942, "fx": 758.6410822549919}, {"id": 37, "img_name": "0038.jpg", "width": 472, "height": 851, "position": [-1.482512235168812, -2.2567745242336295, 3.837248443237284], "rotation": [[-0.9116106713400952, -0.2731708284623501, 0.3071541671149103], [0.14466360386680047, 0.4862220564311753, 0.8617775545673653], [-0.38475761930744184, 0.8300396438225297, -0.4037273387669423]], "fy": 760.8010380287942, "fx": 758.6410822549919}, {"id": 38, "img_name": "0039.jpg", "width": 472, "height": 851, "position": [-1.228675482852853, -2.2532774756009837, 3.8234933513459337], "rotation": [[-0.9513980606143808, -0.2144523685889653, 0.22102468610039028], [0.09534724091774631, 0.4773158891462948, 0.8735436140330115], [-0.2928320916644327, 0.8521617942474682, -0.43366996958098]], "fy": 760.8010380287942, "fx": 758.6410822549919}, {"id": 39, "img_name": "0040.jpg", "width": 472, "height": 851, "position": [-0.761718178821487, -2.403768937846994, 4.125939290309702], "rotation": [[-0.9814084367648472, -0.1563864627054604, 0.11126883898582066], [0.025151978423216, 0.4699414973348896, 0.882339145150004], [-0.19027574261628016, 0.8687337125754447, -0.45727112133471465]], "fy": 760.8010380287942, "fx": 758.6410822549919}, {"id": 40, "img_name": "0041.jpg", "width": 472, "height": 851, "position": [-0.3400626525990831, -2.504375580459811, 4.37911779189425], "rotation": [[-0.9931910730097009, -0.11250963119073523, 0.030217137243029154], [-0.025792223287414023, 0.4653101886211499, 0.8847718291080713], [-0.1136056940110464, 0.8779681151697222, -0.4650437990486424]], "fy": 760.8010380287942, "fx": 758.6410822549919}, {"id": 41, "img_name": "0042.jpg", "width": 472, "height": 851, "position": [-0.009145694181824237, -2.4324790661891478, 4.323557374984239], "rotation": [[-0.9968229103338895, -0.0744327335396719, -0.028352312274087837], [-0.05987392516017564, 0.4654931979783133, 0.8830238930639628], [-0.05252807363104872, 0.881916011201597, -0.4684708642667935]], "fy": 760.8010380287942, "fx": 758.6410822549919}, {"id": 42, "img_name": "0043.jpg", "width": 472, "height": 851, "position": [0.2823320844289112, -2.36161996489371, 4.125174823543519], "rotation": [[-0.9940706022247306, -0.00975375922107121, -0.10829820854297724], [-0.10019723346119662, 0.4690550807499493, 0.877466720525275], [0.04223922583669452, 0.8831150521895297, -0.46725116628746943]], "fy": 760.8010380287942, "fx": 758.6410822549919}, {"id": 43, "img_name": "0044.jpg", "width": 472, "height": 851, "position": [0.7203453469666747, -2.368773512500878, 4.125991909486493], "rotation": [[-0.97716363816245, 0.053302358630701444, -0.20569414871971867], [-0.15629155918063564, 0.47553623895654756, 0.8657010072582493], [0.14395892741338243, 0.8780798050311064, -0.45634601259847063]], "fy": 760.8010380287942, "fx": 758.6410822549919}, {"id": 44, "img_name": "0045.jpg", "width": 472, "height": 851, "position": [1.1936029748356052, -2.4223279309716688, 4.225649035433613], "rotation": [[-0.9511035499736802, 0.1118489269798055, -0.2879094558379941], [-0.20103931822637738, 0.4834817154379539, 0.851955763736737], [0.23448929560757595, 0.8681792720231459, -0.43735514387603064]], "fy": 760.8010380287942, "fx": 758.6410822549919}, {"id": 45, "img_name": "0046.jpg", "width": 472, "height": 851, "position": [1.5120994182905572, -2.3765027607763765, 4.230305440303151], "rotation": [[-0.9216771567994277, 0.15843635733925082, -0.35413152825919425], [-0.23659983036050264, 0.49385904027707667, 0.8367339891566414], [0.3074601419818586, 0.8549860636347674, -0.4176925808328675]], "fy": 760.8010380287942, "fx": 758.6410822549919}, {"id": 46, "img_name": "0047.jpg", "width": 472, "height": 851, "position": [1.681597044721705, -2.2126485390682844, 3.958856617442147], "rotation": [[-0.8765589648906915, 0.21617163273942103, -0.43001651859961454], [-0.2752570035430908, 0.5077558777960453, 0.8163440148393608], [0.3948138334332254, 0.8339387230260631, -0.3855752107791953]], "fy": 760.8010380287942, "fx": 758.6410822549919}, {"id": 47, "img_name": "0048.jpg", "width": 472, "height": 851, "position": [1.89846345962586, -2.0912466595320582, 3.7223694174931685], "rotation": [[-0.807797087663237, 0.28028748494132827, -0.5185583775700259], [-0.31918114645382256, 0.5316040758051422, 0.7845511470489251], [0.4955676148733051, 0.7992721891650085, -0.3399657434450689]], "fy": 760.8010380287942, "fx": 758.6410822549919}, {"id": 48, "img_name": "0049.jpg", "width": 472, "height": 851, "position": [2.3289033597781303, -1.9603279283683568, 3.5283341141743456], "rotation": [[-0.7240187089409635, 0.32918904668242244, -0.6061612662054363], [-0.37469284116743856, 0.5501250696847905, 0.7463026748459215], [0.5791391748805573, 0.7674613861612989, -0.27495606352660207]], "fy": 760.8010380287942, "fx": 758.6410822549919}, {"id": 49, "img_name": "0050.jpg", "width": 472, "height": 851, "position": [2.6140464570000477, -1.809984948389313, 3.3451404609293434], "rotation": [[-0.6724741926153693, 0.3600851450475604, -0.6466197867235305], [-0.39373935335723326, 0.5657228670941233, 0.7245184326603654], [0.6266959245791649, 0.7418196047307472, -0.23865433612860032]], "fy": 760.8010380287942, "fx": 758.6410822549919}, {"id": 50, "img_name": "0051.jpg", "width": 472, "height": 851, "position": [2.6750674582988907, -1.5741964881980575, 2.9378805882926993], "rotation": [[-0.6111799816541826, 0.39030753782558414, -0.68856303701384], [-0.4118121872323758, 0.5861156823700395, 0.6977672458110867], [0.675921409982018, 0.7100200228137463, -0.1974887711529123]], "fy": 760.8010380287942, "fx": 758.6410822549919}, {"id": 51, "img_name": "0052.jpg", "width": 472, "height": 851, "position": [2.8033802559702594, -1.3482475067250022, 2.553616294255911], "rotation": [[-0.4997514857226356, 0.4309429597375872, -0.7513565185520292], [-0.4475272102789068, 0.6142274561491229, 0.6499569433220606], [0.7415981719084783, 0.6610694347534043, -0.11410238322146131]], "fy": 760.8010380287942, "fx": 758.6410822549919}, {"id": 52, "img_name": "0053.jpg", "width": 472, "height": 851, "position": [3.200670810000785, -1.1455499757370005, 2.1992309018304677], "rotation": [[-0.3679851785102505, 0.463005194529501, -0.806357921915248], [-0.48641286871312245, 0.6432321497040815, 0.5913162628723624], [0.7924578408641365, 0.6098184905574485, -0.011488212532216432]], "fy": 760.8010380287942, "fx": 758.6410822549919}, {"id": 53, "img_name": "0054.jpg", "width": 472, "height": 851, "position": [3.442983494765945, -1.0062632939566543, 1.9981479646416924], "rotation": [[-0.2659023716750467, 0.4827040118720666, -0.8344415891242459], [-0.5076153465649424, 0.6657652328970258, 0.5468851018242521], [0.819525831605898, 0.5689934020603234, 0.06799940986861833]], "fy": 760.8010380287942, "fx": 758.6410822549919}, {"id": 54, "img_name": "0055.jpg", "width": 472, "height": 851, "position": [3.396864740392606, -0.8294884099925558, 1.7157071521004645], "rotation": [[-0.1603543314854923, 0.49949891054783185, -0.8513444230952414], [-0.5089255688279644, 0.6971822907603915, 0.5049075349439992], [0.8457430187515436, 0.514235055020194, 0.14241156702109725]], "fy": 760.8010380287942, "fx": 758.6410822549919}, {"id": 55, "img_name": "0056.jpg", "width": 472, "height": 851, "position": [3.3629576021554293, -0.6255893105017537, 1.313387394339433], "rotation": [[-0.043257579902672746, 0.5119454818031016, -0.8579280887360867], [-0.5038356364240149, 0.7303570124676189, 0.4612247671239939], [0.8627157314261586, 0.4522062118113427, 0.22634290081436917]], "fy": 760.8010380287942, "fx": 758.6410822549919}, {"id": 56, "img_name": "0057.jpg", "width": 472, "height": 851, "position": [3.5718175824645186, -0.3914808692286579, 0.9175974135031822], "rotation": [[0.08090520154552412, 0.5175726135305403, -0.8518056926823415], [-0.49881474511683777, 0.7609119486077089, 0.41496609080748237], [0.8629242135998397, 0.39132032427307606, 0.3197345858581964]], "fy": 760.8010380287942, "fx": 758.6410822549919}, {"id": 57, "img_name": "0058.jpg", "width": 472, "height": 851, "position": [3.725040247993468, -0.16863986649755575, 0.5926957668615255], "rotation": [[0.1656682205705296, 0.5153873426135533, -0.8407912510051078], [-0.4895618014984934, 0.7830824948107576, 0.38355058184613616], [0.8560860255877001, 0.3480771371329918, 0.3820458393946416]], "fy": 760.8010380287942, "fx": 758.6410822549919}, {"id": 58, "img_name": "0059.jpg", "width": 472, "height": 851, "position": [3.6646284666751754, -0.03536767925355696, 0.3712517672471968], "rotation": [[0.2418011031122418, 0.5078009871960314, -0.8268436272575598], [-0.47775187333229685, 0.8039900551133959, 0.35405245205511526], [0.8445622381217288, 0.3094158184086498, 0.43700855513058506]], "fy": 760.8010380287942, "fx": 758.6410822549919}, {"id": 59, "img_name": "0060.jpg", "width": 472, "height": 851, "position": [3.3902544582179384, 0.05687038003181341, 0.26967389197944214], "rotation": [[0.33356231676404313, 0.49475734298145174, -0.8024657951594811], [-0.4635079830829364, 0.8272957299144975, 0.31739899950004125], [0.8209120113954922, 0.2660769565955927, 0.5052786584800852]], "fy": 760.8010380287942, "fx": 758.6410822549919}, {"id": 60, "img_name": "0061.jpg", "width": 472, "height": 851, "position": [3.3648179625754104, 0.13517101487904473, 0.013463637149385192], "rotation": [[0.4329097157956708, 0.4835688607185026, -0.7607564228536758], [-0.4472012217265207, 0.8479717188153119, 0.2845259766272902], [0.7826878338494978, 0.2170371420582555, 0.5833477810973192]], "fy": 760.8010380287942, "fx": 758.6410822549919}, {"id": 61, "img_name": "0062.jpg", "width": 472, "height": 851, "position": [3.3207393030655132, 0.31872094837185194, -0.34954920089765673], "rotation": [[0.5146384005507274, 0.4571118504152262, -0.7253937364552832], [-0.41552969459201283, 0.8730073754258777, 0.25532958184332877], [0.7499882596353474, 0.17002023015508613, 0.6392266669555909]], "fy": 760.8010380287942, "fx": 758.6410822549919}, {"id": 62, "img_name": "0063.jpg", "width": 472, "height": 851, "position": [3.32518433625651, 0.4964359238320932, -0.6300690450762553], "rotation": [[0.582928819258931, 0.42570687814264946, -0.692074884372658], [-0.38146076822423913, 0.895442459517865, 0.2295005097998041], [0.7174131821922162, 0.130216955864573, 0.6843696884156999]], "fy": 760.8010380287942, "fx": 758.6410822549919}, {"id": 63, "img_name": "0064.jpg", "width": 472, "height": 851, "position": [3.174647613560689, 0.5841768988651609, -0.7737248296098277], "rotation": [[0.647996302020207, 0.39484307654728634, -0.6513061779768488], [-0.3525743178323564, 0.9134979008335281, 0.2030096933099167], [0.6751237982571678, 0.09808430086110435, 0.7311547900078361]], "fy": 760.8010380287942, "fx": 758.6410822549919}, {"id": 64, "img_name": "0065.jpg", "width": 472, "height": 851, "position": [3.014756359399074, 0.644065334487911, -0.9275793085368998], "rotation": [[0.7103577339404208, 0.36260748381027363, -0.6032476295152868], [-0.3197791219382683, 0.9297837344762204, 0.182328056743452], [0.6270033516684105, 0.0633878520557012, 0.7764333694582837]], "fy": 760.8010380287942, "fx": 758.6410822549919}, {"id": 65, "img_name": "0066.jpg", "width": 472, "height": 851, "position": [2.8026156298736074, 0.8616609075550589, -1.4100193398558583], "rotation": [[0.7720765034314958, 0.32393087314639374, -0.5467784398379388], [-0.2826013228827666, 0.9456020955479022, 0.1611619347126562], [0.5692401647406002, 0.030090967382774118, 0.82162045284186]], "fy": 760.8010380287942, "fx": 758.6410822549919}, {"id": 66, "img_name": "0067.jpg", "width": 472, "height": 851, "position": [2.646729949022404, 1.0696919591837901, -1.7346251438873246], "rotation": [[0.8252308681531543, 0.28623339340516474, -0.486892656287765], [-0.24954355332773032, 0.9581429518381676, 0.14032141260482395], [0.5066774410211705, 0.005703362394870354, 0.8621168380316157]], "fy": 760.8010380287942, "fx": 758.6410822549919}, {"id": 67, "img_name": "0068.jpg", "width": 472, "height": 851, "position": [2.4937244558870617, 1.1256675260296094, -1.835732643151882], "rotation": [[0.8597118807078297, 0.2571200304925604, -0.44134427841460805], [-0.22477946941297142, 0.96634330246111, 0.1251191908500803], [0.45866073769206506, -0.008361322147878082, 0.8885721219978208]], "fy": 760.8010380287942, "fx": 758.6410822549919}, {"id": 68, "img_name": "0069.jpg", "width": 472, "height": 851, "position": [2.3131840155408714, 1.0836903895769883, -1.832442917030161], "rotation": [[0.8805952894074396, 0.22580317517889514, -0.4166111644598074], [-0.1977910776444395, 0.9740672461152347, 0.1098712412314236], [0.4306165647971276, -0.014350126292529939, 0.9024208818493227]], "fy": 760.8010380287942, "fx": 758.6410822549919}, {"id": 69, "img_name": "0070.jpg", "width": 472, "height": 851, "position": [2.068803415430691, 1.1767415149564986, -2.0855446864280376], "rotation": [[0.9047366314863534, 0.1912698406283268, -0.38061460260050567], [-0.17017976233846757, 0.9814159499003082, 0.0886655613623368], [0.39050028954809884, -0.015446078702702825, 0.9204732166204298]], "fy": 760.8010380287942, "fx": 758.6410822549919}, {"id": 70, "img_name": "0071.jpg", "width": 472, "height": 851, "position": [1.8485101063742109, 1.3179056526979096, -2.339897850630016], "rotation": [[0.9303782914882316, 0.15506122969272243, -0.332193091098566], [-0.13942579199565514, 0.987715809029159, 0.07055444082591761], [0.3390526260830664, -0.019326035290622358, 0.9405688816381935]], "fy": 760.8010380287942, "fx": 758.6410822549919}, {"id": 71, "img_name": "0072.jpg", "width": 472, "height": 851, "position": [1.6664432408869834, 1.4097449813296203, -2.4663794943811603], "rotation": [[0.9520170429405334, 0.1200483342007211, -0.28151722399596585], [-0.10837692264436964, 0.9924899518594951, 0.056728635591502576], [0.2862131942956144, -0.023496657497804902, 0.9578778181467257]], "fy": 760.8010380287942, "fx": 758.6410822549919}, {"id": 72, "img_name": "0073.jpg", "width": 472, "height": 851, "position": [1.428603309148646, 1.3028899221178027, -2.369746248747933], "rotation": [[0.9739494860301169, 0.07181853366958871, -0.2150918336042104], [-0.0638299671584917, 0.9969961574714503, 0.0438679527640468], [0.21759626364948692, -0.028995865372720322, 0.9756080697888215]], "fy": 760.8010380287942, "fx": 758.6410822549919}, {"id": 73, "img_name": "0074.jpg", "width": 472, "height": 851, "position": [1.068552484361816, 1.3159858873575558, -2.463807705099348], "rotation": [[0.9909141935524465, 0.020055424525457343, -0.13299188307339907], [-0.015712309292183813, 0.9993109526288525, 0.03362652662291986], [0.13357463963272265, -0.031231392910321308, 0.9905465237654765]], "fy": 760.8010380287942, "fx": 758.6410822549919}, {"id": 74, "img_name": "0075.jpg", "width": 472, "height": 851, "position": [0.6140208175466785, 1.4349973634666222, -2.657025962593729], "rotation": [[0.9987394405893852, -0.029527820406886767, -0.040591102882536416], [0.03093099934992063, 0.9989298467116982, 0.034386547191574926], [0.03953230439042511, -0.03559872428278633, 0.9985839612866918]], "fy": 760.8010380287942, "fx": 758.6410822549919}, {"id": 75, "img_name": "0076.jpg", "width": 472, "height": 851, "position": [0.33475660892902, 1.4853200551007464, -2.696544017384903], "rotation": [[0.9966759761828621, -0.07294611378016197, 0.036274825765407054], [0.07148868015899006, 0.9966401606059431, 0.03997197613935783], [-0.03906874849626742, -0.037245868921686257, 0.9985421263718441]], "fy": 760.8010380287942, "fx": 758.6410822549919}, {"id": 76, "img_name": "0077.jpg", "width": 472, "height": 851, "position": [0.0916212612148054, 1.3432057127730421, -2.526447309260499], "rotation": [[0.9887568528577207, -0.11868543529285444, 0.09095962497856502], [0.11531069015037221, 0.9924614262225698, 0.04151821524713797], [-0.09520152658408573, -0.030562802711932208, 0.9949887358289293]], "fy": 760.8010380287942, "fx": 758.6410822549919}, {"id": 77, "img_name": "0078.jpg", "width": 472, "height": 851, "position": [-0.3186041184466191, 1.280615378476072, -2.5244941659770848], "rotation": [[0.973015695030699, -0.16731815473373635, 0.1588870426448406], [0.16227244860765747, 0.9857506022277341, 0.04431029937310767], [-0.1640369155001431, -0.01733162727953513, 0.9863019340187071]], "fy": 760.8010380287942, "fx": 758.6410822549919}, {"id": 78, "img_name": "0079.jpg", "width": 472, "height": 851, "position": [-0.814893981450945, 1.341871757150383, -2.617764402557591], "rotation": [[0.9500033721493937, -0.21043259019120547, 0.23067665224335313], [0.2029417546002136, 0.9775874293732872, 0.05601305357784722], [-0.23729356743192054, -0.006398665231770117, 0.9714169135539511]], "fy": 760.8010380287942, "fx": 758.6410822549919}, {"id": 79, "img_name": "0080.jpg", "width": 472, "height": 851, "position": [-1.0118442556863756, 1.3377748289256723, -2.6307498980720143], "rotation": [[0.931236564297535, -0.23591535409267764, 0.27774521961439624], [0.22686222808018028, 0.9717699071309898, 0.06478253672961651], [-0.2851876413623475, 0.0026820324297739478, 0.9584679524721872]], "fy": 760.8010380287942, "fx": 758.6410822549919}, {"id": 80, "img_name": "0081.jpg", "width": 472, "height": 851, "position": [-1.0844675221933808, 1.3108778474664577, -2.59076436354862], "rotation": [[0.9252084529376428, -0.2537946911321475, 0.28209497224493646], [0.24684865815083698, 0.9671619969401319, 0.06052612364844913], [-0.2881927455399682, 0.013635484146666084, 0.9574753338808374]], "fy": 760.8010380287942, "fx": 758.6410822549919}]